
adj =  '[[1, 1, 1, 1, 1, 1, 1, 1, 1]; [1, 1, 1, 1, 1, 1, 1, 1, 1]; [1, 1, 1, 1, 1, 1, 1, 1, 1]; [1, 1, 1, 1, 1, 1, 1, 1, 1]; [1, 1, 1, 1, 1, 1, 1, 1, 1]; [1, 1, 1, 1, 1, 1, 1, 1, 1]; [1, 1, 1, 1, 1, 1, 1, 1, 1]; [1, 1, 1, 1, 1, 1, 1, 1, 1]; [1, 1, 1, 1, 1, 1, 1, 1, 1]]';

G = '[[1, 0, 0, 1, 1, 1, 1, 1, 1]; [0, 1, 1, 1, 1, 1, 1, 1, 1]; [0, 1, 1, 1, 1, 1, 1, 1, 1]; [1, 1, 1, 1, 1, 1, 1, 1, 1]; [1, 1, 1, 1, 1, 1, 1, 1, 1]; [1, 1, 1, 1, 1, 1, 1, 1, 1]; [1, 1, 1, 1, 1, 1, 1, 1, 1]; [1, 1, 1, 1, 1, 1, 1, 1, 1]; [1, 1, 1, 1, 1, 1, 1, 1, 1]]';
D = '[[0, 1, 0, 0, 0, 0]; [1, 0, 1, 0, 0, 0]; [0, 1, 0, 1, 0, 0]; [0, 0, 1, 0, 1, 0]; [0, 0, 0, 1, 0, 1]; [0, 0, 0, 0, 1, 0]]';
R = '400.0';
mu = '0.5';
C = '[1, 2, 3, 4, 5, 6, 7, 8, 9]';
V = '[1, 2, 3, 4, 5, 6]';
m_1 = '[4, 5, 6, 7, 8, 9]';
w_p = '[[0, 177, 94, 165, 173, 133, 182, 145, 151]; [177, 0, 253, 45, 24, 49, 62, 77, 64]; [94, 253, 0, 229, 243, 204, 239, 199, 209]; [165, 45, 229, 0, 21, 35, 22, 35, 21]; [173, 24, 243, 21, 0, 40, 38, 55, 42]; [133, 49, 204, 35, 40, 0, 57, 42, 34]; [182, 62, 239, 22, 38, 57, 0, 40, 31]; [145, 77, 199, 35, 55, 42, 40, 0, 13]; [151, 64, 209, 21, 42, 34, 31, 13, 0]]';
C_beta = '[4, 2, 3, 1]';
V_beta = '[1, 2, 5, 3]';

[costMin, m_opt, D_opt] = main(D, w_p, R, C, C_beta, V, V_beta, adj, G, m_1, mu);